td_0_string=100
td_0_data=578.000000 66.000000 2 0 1 0 0.241666 0.899999 -1 255 50 0 400.000000 17.000000 0 2 1 0 1 1 -10.000000 0.000000 -20.000000 1.000000 255 255 50 textdraw_0
td_1_string=100
td_1_data=578.000000 55.000000 2 0 1 0 0.241666 0.899999 -1 255 50 0 400.000000 17.000000 0 2 1 0 1 1 -10.000000 0.000000 -20.000000 1.000000 255 255 50 textdraw_1
td_2_string=100
td_2_data=578.000000 44.000000 2 0 1 0 0.241666 0.899999 -1 255 50 0 400.000000 17.000000 0 2 1 0 1 1 -10.000000 0.000000 -20.000000 1.000000 255 255 50 textdraw_2
